50 100
23 1 14
18 2 37
45 3 43
37 4 48
7 5 5
4 6 48
20 7 14
47 8 37
41 9 11
13 10 27
47 11 27
28 12 38
45 13 29
30 14 40
47 15 5
28 16 17
36 17 10
21 18 4
36 19 2
30 20 14
33 21 38
45 22 15
37 23 24
8 24 40
5 25 8
36 26 11
49 27 33
33 28 1
33 29 49
47 30 25
33 31 32
8 32 47
11 33 41
16 34 29
21 35 14
18 36 2
30 37 40
11 38 30
3 39 49
34 40 42
33 41 38
34 42 32
30 43 29
42 44 44
47 45 15
33 46 45
19 48 25
13 49 3
12 50 15
32 23 49
19 9 21
42 29 49
3 25 22
43 38 10
10 22 44
41 16 12
49 15 33
37 18 36
17 38 42
43 44 4
3 31 9
25 47 34
3 6 50
39 45 16
28 22 38
46 20 16
48 15 25
49 37 38
8 27 10
15 10 19
32 28 44
37 42 22
1 11 40
14 27 30
5 9 10
30 10 7
32 24 24
12 47 8
20 39 17
35 17 38
19 28 48
29 21 45
35 20 15
39 1 44
3 8 47
16 20 5
44 49 16
49 47 32
2 46 43
29 24 47
15 11 9
11 44 8
20 22 33
22 16 43
40 4 2
16 3 13
39 46 46
16 37 29
30 4 24
12 2 4
